10
10
10
10
10
10
10
10
10
10
10
10
10
10
10
10
10
10
10
10
0
0
0
0
0
0
0
0
0
0
0
0
0
0
0
0
0
0
0
0
2
2
2
2
2
2
2
2
2
2
2
2
2
2
2
2
2
2
2
2
8
8
8
8
8
8
8
8
8
8
8
8
8
8
8
8
8
8
8
8
1
1
1
1
1
1
1
1
1
1
1
1
1
1
1
1
1
1
1
1
1
1
1
1
1
1
1
1
1
1
1
1
1
1
1
1
1
1
1
1
1
1
1
1
1
1
1
1
1
1
1
1
1
1
1
1
1
1
1
1
1
1
1
1
1
1
1
1
1
1
1
1
1
1
1
1
1
1
1
1
1
1
1
1
1
1
1
1
1
1
1
1
1
1
1
1
1
1
1
1
1
1
1
1
1
1
1
1
1
1
1
1
1
1
1
1
1
1
1
1
1
1
1
1
1
1
1
1
10
10
10
10
10
1
1
1
1
1
1
1
1
1
1
1
1
1
1
9
4
2
2
2
5
11
1
1
1
1
1
1
1
1
1
1
1
1
1
9
3
13
8
14
3
11
1
1
1
1
1
1
10
10
10
10
10
10
10
15
3
11
1
9
3
11
1
1
1
1
1
1
2
2
2
2
2
2
2
2
6
11
1
9
3
11
1
1
1
1
1
1
8
8
8
8
8
8
8
8
8
1
1
9
3
12
10
10
10
10
10
10
1
1
1
1
1
1
1
1
1
1
1
9
7
2
2
2
2
2
2
2
10
10
10
10
10
10
10
10
10
10
10
10
10
10
10
10
10
10
10
10
0
0
0
0
0
0
0
0
0
0
0
0
0
0
0
0
0
0
0
0
0
0
0
0
0
0
0
0
0
0
0
0
0
0
0
0
0
0
0
0
